2 1724
33 2238
36 1345
37 2070
38 2030
44 412
51 763
51 1782
66 837
150 952
157 525
159 2160
192 2272
197 2114
202 1581
212 1932
219 1038
232 164
247 940
247 1870
260 239
304 1972
307 2208
315 1077
323 215
360 236
361 870
368 542
398 2423
412 303
471 1455
492 1422
514 1195
515 2166
525 1385
567 1060
567 1061
583 1179
587 2083
592 2403
595 2171
602 545
623 1241
631 621
643 1380
644 878
657 2415
658 2045
659 1158
695 1731
705 543
715 1817
722 130
726 1930
738 995
757 2169
796 2153
805 57
839 1355
854 1996
874 1817
882 1347
887 141
897 1491
924 1313
933 943
935 921
936 340
941 1909
957 183
963 1410
966 2307
975 1243
982 1968
984 1032
1010 446
1039 1835
1050 1102
1055 1046
1062 714
1065 2203
1069 1317
1071 1083
1077 2150
1081 1346
1083 191
1093 1285
1098 643
1120 944
1121 1249
1129 1918
1138 2127
1143 1987
1165 910
1168 514
1181 368
1183 2298
1187 1940
1192 1585
1211 1435
1220 471
1237 1467
1239 1053
1243 1143
1257 1771
1268 185
1283 1962
1341 467
1351 1112
1365 668
1366 322
1437 1471
1441 2277
1450 1267
1454 598
1529 2365
1546 1458
1551 743
1554 2525
1569 659
1569 1765
1602 1995
1631 2376
1667 1259
1682 2207
1693 2355
1709 424
1711 1356
1717 1170
1741 900
1802 887
1816 380
1837 529
1846 795
1854 1516
1885 137
1893 1045
1906 865
1914 675
1916 1327
1916 2128
1930 2551
